00101 0 0000000000 0
10101 0 0000000010 0
00101 0 0000000000 0
00011 0 0000000110 0
00000 0 0000000001 0
00000 0 0000000101 0
00101 0 0000000000 0
01000 0 0000000000 0
11100 0 0000000000 0
00100 0 0000010000 0
00101 0 0000000000 1
01000 0 0000000010 0
11100 0 0000000010 0
01100 0 0000000101 0
00011 0 0000010101 0
00101 0 0000000011 0
11111 0 0000000001 0
11001 0 0000001000 0
11100 0 0000000010 0
00101 0 0000000001 0
00011 0 0000001011 0
00100 0 0000000100 0
11100 0 0000000001 0
11001 0 0000000000 1
11100 0 0000000000 0
00101 0 0000011111 0
11100 0 0000011001 0
11100 0 0000000100 0
00111 0 0000011001 0
01100 0 0000011111 0
11011 0 0000000110 0
